depth0 = [[1, 2, 3],        #this is also the goal
            [4, 5, 6],
            [7, 8, 0]]

depth2 = [[1, 2, 3],
            [4, 5, 6],
            [0, 7, 8]]

depth4 = [[1, 2, 3],
            [5, 0, 6],
            [4, 7, 8]]

depth8 = [[1, 3, 6],
            [5, 0, 2],
            [4, 7, 8]]

depth12 = [[1, 3, 6],
            [5, 0, 7],
            [4, 8, 2]]

depth16 = [[1, 6, 7],
            [5, 0, 3],
            [4, 8, 2]]

depth20 = [[7, 1, 2],
            [4, 8, 5],
            [6, 3, 0]]

depth24 = [[0, 7, 2],
            [4, 6, 1],
            [3, 5, 8]]

